236 236 236
185 185 185
118 118 118
54 54 54
11 11 11
1 1 1
28 28 28
84 84 84
153 153 153
214 214 214
249 249 249
249 249 249
214 214 214
153 153 153
84 84 84
28 28 28
1 1 1
11 11 11
54 54 54
118 118 118
185 185 185
236 236 236
254 254 254
236 236 236
185 185 185
118 118 118
54 54 54
11 11 11
1 1 1
28 28 28
84 84 84
153 153 153
214 214 214
249 249 249
249 249 249
214 214 214
153 153 153
84 84 84
28 28 28
1 1 1
11 11 11
54 54 54
118 118 118
185 185 185
236 236 236
254 254 254
236 236 236
185 185 185
118 118 118
54 54 54
11 11 11
1 1 1
28 28 28
84 84 84
153 153 153
214 214 214
249 249 249
249 249 249
214 214 214
153 153 153
84 84 84
28 28 28
1 1 1
11 11 11
54 54 54
118 118 118
185 185 185
236 236 236
254 254 254
236 236 236
185 185 185
118 118 118
54 54 54
11 11 11
1 1 1
28 28 28
84 84 84
153 153 153
214 214 214
249 249 249
249 249 249
214 214 214
153 153 153
84 84 84
28 28 28
1 1 1
11 11 11
54 54 54
118 118 118
185 185 185
236 236 236
254 254 254
236 236 236
185 185 185
118 118 118
54 54 54
11 11 11
1 1 1
28 28 28
84 84 84
153 153 153
214 214 214
249 249 249
249 249 249
214 214 214
153 153 153
84 84 84
28 28 28
1 1 1
11 11 11
54 54 54
118 118 118
185 185 185
236 236 236
254 254 254
236 236 236
185 185 185
118 118 118
54 54 54
11 11 11
1 1 1
28 28 28
84 84 84
153 153 153
214 214 214
249 249 249
249 249 249
214 214 214
153 153 153
84 84 84
28 28 28
1 1 1
11 11 11
54 54 54
118 118 118
185 185 185
236 236 236
254 254 254
236 236 236
185 185 185
118 118 118
54 54 54
11 11 11
1 1 1
28 28 28
84 84 84
153 153 153
214 214 214
249 249 249
249 249 249
214 214 214
153 153 153
84 84 84
28 28 28
1 1 1
11 11 11
54 54 54
118 118 118
185 185 185
236 236 236
254 254 254
236 236 236
185 185 185
118 118 118
54 54 54
11 11 11
1 1 1
28 28 28
84 84 84
153 153 153
214 214 214
249 249 249
249 249 249
214 214 214
153 153 153
84 84 84
28 28 28
1 1 1
11 11 11
54 54 54
118 118 118
185 185 185
236 236 236
254 254 254
236 236 236
185 185 185
118 118 118
54 54 54
11 11 11
1 1 1
28 28 28
84 84 84
153 153 153
214 214 214
249 249 249
249 249 249
214 214 214
153 153 153
84 84 84
28 28 28
1 1 1
11 11 11
54 54 54
118 118 118
185 185 185
236 236 236
254 254 254
236 236 236
185 185 185
118 118 118
54 54 54
11 11 11
1 1 1
28 28 28
84 84 84
153 153 153
214 214 214
249 249 249
249 249 249
214 214 214
153 153 153
84 84 84
28 28 28
1 1 1
11 11 11
54 54 54
118 118 118
185 185 185
236 236 236
254 254 254
236 236 236
185 185 185
118 118 118
54 54 54
11 11 11
1 1 1
28 28 28
84 84 84
153 153 153
214 214 214
249 249 249
249 249 249
214 214 214
153 153 153
84 84 84
28 28 28
1 1 1
11 11 11
54 54 54
118 118 118
185 185 185
236 236 236
254 254 254
236 236 236
185 185 185
118 118 118
54 54 54
11 11 11
1 1 1
28 28 28
84 84 84
153 153 153
214 214 214
249 249 249
249 249 249
214 214 214
153 153 153
84 84 84
28 28 28
1 1 1
11 11 11
54 54 54
118 118 118
185 185 185
236 236 236
254 254 254
236 236 236
185 185 185
118 118 118
54 54 54
11 11 11
1 1 1
28 28 28
84 84 84
153 153 153
214 214 214
249 249 249
249 249 249
214 214 214
153 153 153
84 84 84
28 28 28
1 1 1
11 11 11
54 54 54
118 118 118
185 185 185
236 236 236
254 254 254
236 236 236
185 185 185
118 118 118
54 54 54
11 11 11
1 1 1
28 28 28
84 84 84
153 153 153
214 214 214
249 249 249
249 249 249
214 214 214
153 153 153
84 84 84
28 28 28
1 1 1
11 11 11
54 54 54
118 118 118
185 185 185
236 236 236
254 254 254
236 236 236
185 185 185
118 118 118
54 54 54
11 11 11
1 1 1
28 28 28
84 84 84
153 153 153
214 214 214
249 249 249
249 249 249
214 214 214
153 153 153
84 84 84
28 28 28
1 1 1
11 11 11
54 54 54
118 118 118
185 185 185
236 236 236
254 254 254
236 236 236
185 185 185
118 118 118
54 54 54
11 11 11
1 1 1
28 28 28
84 84 84
153 153 153
214 214 214
249 249 249
249 249 249
214 214 214
153 153 153
84 84 84
28 28 28
1 1 1
11 11 11
54 54 54
118 118 118
185 185 185
236 236 236
254 254 254
236 236 236
185 185 185
118 118 118
54 54 54
11 11 11
1 1 1
28 28 28
84 84 84
153 153 153
214 214 214
249 249 249
249 249 249
214 214 214
153 153 153
84 84 84
28 28 28
1 1 1
11 11 11
54 54 54
118 118 118
185 185 185
236 236 236
254 254 254
236 236 236
185 185 185
118 118 118
54 54 54
11 11 11
1 1 1
28 28 28
84 84 84
153 153 153
214 214 214
249 249 249
249 249 249
214 214 214
153 153 153
84 84 84
28 28 28
1 1 1
11 11 11
54 54 54
118 118 118
185 185 185
236 236 236
254 254 254
236 236 236
185 185 185
118 118 118
54 54 54
11 11 11
1 1 1
28 28 28
84 84 84
153 153 153
214 214 214
249 249 249
249 249 249
214 214 214
153 153 153
84 84 84
28 28 28
1 1 1
11 11 11
54 54 54
118 118 118
185 185 185
236 236 236
254 254 254
236 236 236
185 185 185
118 118 118
54 54 54
11 11 11
1 1 1
28 28 28
84 84 84
153 153 153
214 214 214
249 249 249
249 249 249
214 214 214
153 153 153
84 84 84
28 28 28
1 1 1
11 11 11
54 54 54
118 118 118
185 185 185
236 236 236
254 254 254
236 236 236
185 185 185
118 118 118
54 54 54
11 11 11
1 1 1
28 28 28
84 84 84
153 153 153
214 214 214
249 249 249
249 249 249
214 214 214
153 153 153
84 84 84
28 28 28
1 1 1
11 11 11
54 54 54
118 118 118
