220 220 220
136 136 136
48 48 48
1 1 1
22 22 22
99 99 99
190 190 190
248 248 248
241 241 241
173 173 173
81 81 81
13 13 13
6 6 6
63 63 63
155 155 155
232 232 232
253 253 253
206 206 206
118 118 118
34 34 34
0 0 0
34 34 34
118 118 118
206 206 206
253 253 253
232 232 232
155 155 155
64 64 64
6 6 6
13 13 13
81 81 81
173 173 173
241 241 241
248 248 248
191 191 191
99 99 99
22 22 22
1 1 1
48 48 48
136 136 136
220 220 220
254 254 254
220 220 220
136 136 136
48 48 48
1 1 1
22 22 22
99 99 99
190 190 190
248 248 248
241 241 241
173 173 173
81 81 81
13 13 13
6 6 6
63 63 63
155 155 155
232 232 232
253 253 253
206 206 206
118 118 118
34 34 34
0 0 0
34 34 34
118 118 118
206 206 206
253 253 253
232 232 232
155 155 155
64 64 64
6 6 6
13 13 13
81 81 81
173 173 173
241 241 241
248 248 248
191 191 191
99 99 99
22 22 22
1 1 1
48 48 48
136 136 136
220 220 220
254 254 254
220 220 220
136 136 136
48 48 48
1 1 1
22 22 22
99 99 99
190 190 190
248 248 248
241 241 241
173 173 173
81 81 81
13 13 13
6 6 6
63 63 63
155 155 155
232 232 232
253 253 253
206 206 206
118 118 118
34 34 34
0 0 0
34 34 34
118 118 118
206 206 206
253 253 253
232 232 232
155 155 155
64 64 64
6 6 6
13 13 13
81 81 81
173 173 173
241 241 241
248 248 248
191 191 191
99 99 99
22 22 22
1 1 1
48 48 48
136 136 136
220 220 220
254 254 254
220 220 220
136 136 136
48 48 48
1 1 1
22 22 22
99 99 99
190 190 190
248 248 248
241 241 241
173 173 173
81 81 81
13 13 13
6 6 6
63 63 63
155 155 155
232 232 232
253 253 253
206 206 206
118 118 118
34 34 34
0 0 0
34 34 34
118 118 118
206 206 206
253 253 253
232 232 232
155 155 155
64 64 64
6 6 6
13 13 13
81 81 81
173 173 173
241 241 241
248 248 248
191 191 191
99 99 99
22 22 22
1 1 1
48 48 48
136 136 136
220 220 220
254 254 254
220 220 220
136 136 136
48 48 48
1 1 1
22 22 22
99 99 99
190 190 190
248 248 248
241 241 241
173 173 173
81 81 81
13 13 13
6 6 6
63 63 63
155 155 155
232 232 232
253 253 253
206 206 206
118 118 118
34 34 34
0 0 0
34 34 34
118 118 118
206 206 206
253 253 253
232 232 232
155 155 155
64 64 64
6 6 6
13 13 13
81 81 81
173 173 173
241 241 241
248 248 248
191 191 191
99 99 99
22 22 22
1 1 1
48 48 48
136 136 136
220 220 220
254 254 254
220 220 220
136 136 136
48 48 48
1 1 1
22 22 22
99 99 99
190 190 190
248 248 248
241 241 241
173 173 173
81 81 81
13 13 13
6 6 6
63 63 63
155 155 155
232 232 232
253 253 253
206 206 206
118 118 118
34 34 34
0 0 0
34 34 34
118 118 118
206 206 206
253 253 253
232 232 232
155 155 155
64 64 64
6 6 6
13 13 13
81 81 81
173 173 173
241 241 241
248 248 248
191 191 191
99 99 99
22 22 22
1 1 1
48 48 48
136 136 136
220 220 220
254 254 254
220 220 220
136 136 136
48 48 48
1 1 1
22 22 22
99 99 99
190 190 190
248 248 248
241 241 241
173 173 173
81 81 81
13 13 13
6 6 6
63 63 63
155 155 155
232 232 232
253 253 253
206 206 206
118 118 118
34 34 34
0 0 0
34 34 34
118 118 118
206 206 206
253 253 253
232 232 232
155 155 155
64 64 64
6 6 6
13 13 13
81 81 81
173 173 173
241 241 241
248 248 248
191 191 191
99 99 99
22 22 22
1 1 1
48 48 48
136 136 136
220 220 220
254 254 254
220 220 220
136 136 136
48 48 48
1 1 1
22 22 22
99 99 99
190 190 190
248 248 248
241 241 241
173 173 173
81 81 81
13 13 13
6 6 6
63 63 63
155 155 155
232 232 232
253 253 253
206 206 206
118 118 118
34 34 34
0 0 0
34 34 34
118 118 118
206 206 206
253 253 253
232 232 232
155 155 155
64 64 64
6 6 6
13 13 13
81 81 81
173 173 173
241 241 241
248 248 248
191 191 191
99 99 99
22 22 22
1 1 1
48 48 48
136 136 136
220 220 220
254 254 254
220 220 220
136 136 136
48 48 48
1 1 1
22 22 22
99 99 99
190 190 190
248 248 248
241 241 241
173 173 173
81 81 81
13 13 13
6 6 6
63 63 63
155 155 155
232 232 232
253 253 253
206 206 206
118 118 118
34 34 34
0 0 0
34 34 34
118 118 118
206 206 206
253 253 253
232 232 232
155 155 155
64 64 64
6 6 6
13 13 13
81 81 81
173 173 173
241 241 241
248 248 248
191 191 191
99 99 99
22 22 22
1 1 1
48 48 48
136 136 136
220 220 220
254 254 254
220 220 220
136 136 136
48 48 48
1 1 1
22 22 22
99 99 99
190 190 190
248 248 248
241 241 241
173 173 173
81 81 81
13 13 13
6 6 6
63 63 63
155 155 155
232 232 232
253 253 253
206 206 206
118 118 118
34 34 34
0 0 0
34 34 34
118 118 118
206 206 206
253 253 253
232 232 232
155 155 155
64 64 64
6 6 6
13 13 13
81 81 81
173 173 173
241 241 241
248 248 248
190 190 190
99 99 99
22 22 22
1 1 1
48 48 48
136 136 136
220 220 220
254 254 254
220 220 220
136 136 136
48 48 48
1 1 1
22 22 22
99 99 99
191 191 191
248 248 248
241 241 241
173 173 173
81 81 81
13 13 13
6 6 6
63 63 63
155 155 155
232 232 232
253 253 253
206 206 206
118 118 118
34 34 34
0 0 0
34 34 34
118 118 118
206 206 206
253 253 253
232 232 232
155 155 155
64 64 64
6 6 6
13 13 13
81 81 81
173 173 173
241 241 241
248 248 248
190 190 190
99 99 99
22 22 22
1 1 1
48 48 48
136 136 136
220 220 220
254 254 254
220 220 220
136 136 136
48 48 48
1 1 1
22 22 22
99 99 99
190 190 190
248 248 248
241 241 241
173 173 173
81 81 81
13 13 13
6 6 6
63 63 63
155 155 155
232 232 232
253 253 253
206 206 206
118 118 118
34 34 34
0 0 0
34 34 34
118 118 118
206 206 206
253 253 253
232 232 232
155 155 155
64 64 64
6 6 6
13 13 13
81 81 81
173 173 173
241 241 241
248 248 248
191 191 191
99 99 99
22 22 22
1 1 1
48 48 48
136 136 136
220 220 220
254 254 254
220 220 220
136 136 136
48 48 48
1 1 1
22 22 22
99 99 99
190 190 190
248 248 248
241 241 241
173 173 173
81 81 81
13 13 13
6 6 6
63 63 63
155 155 155
232 232 232
253 253 253
206 206 206
118 118 118
34 34 34
0 0 0
34 34 34
118 118 118
206 206 206
253 253 253
232 232 232
155 155 155
64 64 64
6 6 6
13 13 13
81 81 81
173 173 173
241 241 241
248 248 248
191 191 191
99 99 99
22 22 22
1 1 1
48 48 48
136 136 136
220 220 220
254 254 254
220 220 220
136 136 136
48 48 48
1 1 1
22 22 22
99 99 99
190 190 190
248 248 248
241 241 241
173 173 173
81 81 81
13 13 13
6 6 6
63 63 63
155 155 155
232 232 232
253 253 253
206 206 206
118 118 118
34 34 34
0 0 0
34 34 34
118 118 118
206 206 206
253 253 253
232 232 232
155 155 155
64 64 64
6 6 6
13 13 13
81 81 81
173 173 173
241 241 241
248 248 248
191 191 191
99 99 99
22 22 22
1 1 1
48 48 48
136 136 136
220 220 220
254 254 254
220 220 220
136 136 136
48 48 48
1 1 1
22 22 22
99 99 99
190 190 190
248 248 248
241 241 241
173 173 173
81 81 81
13 13 13
6 6 6
63 63 63
155 155 155
232 232 232
253 253 253
206 206 206
118 118 118
34 34 34
0 0 0
34 34 34
118 118 118
206 206 206
253 253 253
232 232 232
155 155 155
64 64 64
6 6 6
13 13 13
81 81 81
173 173 173
241 241 241
248 248 248
191 191 191
99 99 99
22 22 22
1 1 1
48 48 48
136 136 136
220 220 220
254 254 254
220 220 220
136 136 136
48 48 48
1 1 1
22 22 22
99 99 99
190 190 190
248 248 248
241 241 241
173 173 173
